1010001000000100
1011101011011100
0111011011100010
1100010110110101
0010000100101010
1001101100110110
0101010010001100
0111011011011101
0110101000101100
0000011001001111
0100110001111110
1111100101000111
1110001001101111
0011011010000111
0010101110000100
0111111000100010
0100010011101000
1101001001100110
1010001100001001
0001111101010010
0110110001010100
0011001100111000
1001111101110110
1101100101001011
1001011110011011
0101101010111101
1100101101000001
0001001100110010
1100101001111000
1000010011011101
1011010111000000
0001001000110111
1011111011001011
0100001100110000
0100010010111101
1011110010100101
0111101100001010
0000100110000011
0000110100111100
1111011001100010
1111011001000101
1011001110111110
0011100000100101
1111001010001011
0000111100100101
0000001101010111
1111111010011110
1100000100000011
0101000101111011
0011101001100000
0101100000100011
1101110010001100
1000110011101111
0111111011000001
0001101000100111
1110111011010001
0110111111111101
0100110000101001
0111001001011010
1100001111010010
0101000000000111
1001110111011011
1011000111101101
0111101001001111
1111000001010010
0111110001101111
1101110011101100
0101011100101101
0110000111100001
1100000010100101
0011110110011111
0111100111110011
1010110011011111
0001000001011111
1100000111111011
0111000001010010
1000110001001010
1011101011111110
1011100111011001
1001011110010011
0011010001101010
1100100011000110
0101001000110001
1101000100100111
0110010001000001
0101110100100110
1011111110110110
0111100011111010
1100011100111110
0010111001110100
1000001001110111
1101010111011010
1111010001110011
1101101011000010
0000000010010001
1110011010000010
0010100001010110
0110001101111110
1010011001011111
0111010100111101
