1100100000111111
1010100100100110
1010111011011011
1010011111100100
0000000101000110
1100000010010110
0011111000101011
0001111000101110
1000100011111111
1110100000100101
0101011100100001
0100101100001101
0111011010110110
0100011011111101
0000000110110000
0101011001000100
0011100010011110
0110001110111101
0100110010110100
1101101001111011
1101111001001001
0101111100011010
0010001110100101
1000110100001101
0110000001101101
1010010011011110
1011101111000000
1010001110011000
1011000010011000
1001000101011001
0011101110100010
1111000000111110
0001010101001110
0110101011100010
1010100011000101
1111001010111111
1001100000110111
1110101001111110
0011001110100101
0010111100110001
0101100010011100
1011011010001101
0111100110111110
1011111001010010
1000110111010110
0011100001111001
0010111000101110
1010001100010111
1101110110111111
0000100000110001
0110101100111001
0011111001001100
0000110100111001
0000000111011110
0000110000101010
0011100000011010
1101100100011101
0111110011010010
1001111111001011
1101000010000111
1100101001101011
0000110111110101
0011000110101100
0001100010101101
0110110000111000
0100010001001010
1000101101001000
0100001110010000
0100001101010101
0011010001011010
0000010111111000
1010101101011010
1010001111101100
0011010000001001
1111111100110010
1011110001000001
0001100001000101
1111001010010001
0101100010100010
1000111010101000
0100010011101001
0101011011010101
1110010100111111
0000101100010111
1111000001001010
1000000101110110
0001101011110010
0000100101100001
0000101001111110
0011011000110010
0111100101000111
0110010111110100
0001011100001011
0100011100110001
0100010100001001
0010110111000010
1011110011011001
1001110010001110
0110011111000110
0110011111000011
