0.90
0.56
0.19
0.81
0.58
0.48
0.35
0.90
0.82
0.75
0.17
0.86
0.71
0.51
0.30
0.01
0.09
0.36
0.15
0.17
0.99
0.45
0.12
0.00
0.01
0.38
0.53
0.57
0.60
0.61
0.17
0.66
0.45
0.35
0.06
0.61
0.78
0.80
0.52
0.30
0.88
0.73
0.96
0.93
0.54
0.14
0.46
0.24
0.86
0.21
0.78
0.84
0.08
1.00
0.61
0.39
0.27
0.30
0.84
0.02
0.38
0.09
0.68
0.06
0.01
0.92
0.28
0.27
0.59
0.69
0.84
0.73
0.48
0.21
0.74
0.47
0.46
0.95
0.74
0.11
0.60
0.39
0.73
0.61
0.57
0.36
0.15
0.23
0.43
0.80
0.52
0.99
0.75
0.35
0.17
0.66
0.49
0.06
0.70
0.50
