0.00
0.56
0.19
0.81
0.58
0.48
0.35
0.90
0.82
0.75
0.17
0.86
0.71
0.51
0.30
0.01
0.09
0.36
0.15
0.17
0.99
0.45
0.12
0.00
0.01
0.38
0.53
0.57
0.60
0.61
0.17
0.66
0.45
0.35
0.06
0.61
0.78
0.80
0.52
0.30
0.88
0.73
0.96
0.93
0.54
0.14
0.46
0.24
0.86
0.21
0.78
0.84
1.00
1.00
0.61
0.39
0.27
0.30
0.84
0.02
0.38
0.09
0.68
0.06
0.01
0.92
0.28
0.27
0.59
0.69
0.84
0.73
0.48
0.21
0.74
0.47
0.46
0.95
0.74
0.11
0.60
0.39
0.73
0.61
0.57
0.36
0.15
0.23
0.43
0.80
0.52
0.99
0.75
0.35
0.17
0.66
0.49
0.06
0.70
0.50
0.15
0.95
0.14
0.91
0.69
0.30
0.43
0.07
0.97
0.68
0.15
0.88
0.82
0.58
0.19
0.18
0.82
0.48
0.16
0.50
0.73
0.41
0.28
0.57
0.68
0.76
0.72
0.48
0.12
0.37
0.83
0.04
0.52
0.66
0.43
0.10
0.95
0.92
0.55
0.35
0.47
0.37
0.85
0.32
0.46
0.27
0.98
0.30
0.74
0.57
0.20
0.76
0.84
0.40
0.50
0.89
0.03
0.99
0.57
0.05
0.53
0.19
0.84
0.63
0.66
0.20
0.84
0.12
0.11
0.74
0.31
0.94
0.29
0.34
0.14
0.73
0.83
0.71
0.60
0.75
0.25
0.14
0.00
0.06
0.81
0.85
0.21
0.12
0.55
0.01
0.11
0.45
0.75
0.69
0.54
0.07
0.44
0.20
0.70
0.29
0.44
0.23
0.58
0.53
0.63
0.16
0.50
0.96
0.70
0.92
0.19
0.34
0.18
1.00
0.46
1.00
0.10
0.63
0.09
0.44
0.93
0.05
0.89
0.29
0.23
0.77
0.41
0.20
0.63
0.60
0.45
0.47
0.60
0.63
0.85
0.83
0.62
0.72
0.57
0.38
0.18
0.74
0.56
0.91
0.24
0.19
0.60
0.70
0.58
0.35
0.49
0.08
0.74
0.61
0.62
0.69
0.80
0.15
0.58
0.87
0.91
0.61
0.73
0.04
0.67
0.98
0.32
0.57
0.31
0.17
0.11
0.87
0.85
0.74
0.15
0.33
0.08
0.08
0.64
0.82
0.55
0.45
0.41
0.30
0.47
0.50
0.15
0.32
0.74
0.31
0.83
0.96
0.87
0.73
0.30
0.94
0.13
0.07
0.78
0.52
0.61
0.96
0.07
0.88
0.65
0.32
0.10
0.51
0.23
0.29
0.92
0.55
0.66
0.11
0.49
0.38
0.50
0.79
0.51
0.38
0.69
0.53
0.61
0.40
0.01
0.71
0.10
0.62
0.86
0.49
0.75
0.50
0.38
0.79
0.55
0.36
0.96
0.63
0.18
0.37
0.13
0.74
0.95
0.61
0.03
0.33
0.06
0.64
0.13
0.85
0.86
0.60
0.72
0.85
0.01
0.13
0.71
0.62
0.22
0.07
0.17
0.62
0.34
0.32
0.37
0.66
0.80
0.81
0.53
0.61
0.80
0.90
0.14
0.63
0.40
0.25
0.14
0.86
0.07
0.43
0.57
0.30
0.55
0.23
0.31
0.11
0.81
0.13
0.28
0.79
0.90
0.79
0.74
0.62
0.36
0.86
0.23
0.86
0.23
0.25
0.54
0.98
0.05
0.08
0.52
0.43
0.09
0.26
0.89
0.23
0.15
0.13
0.93
0.08
0.05
0.06
0.34
0.91
0.40
0.43
0.95
0.84
0.53
0.84
0.69
0.40
0.26
0.00
0.53
0.95
0.40
0.24
0.59
0.26
0.68
0.95
0.44
0.89
0.01
0.94
0.60
0.79
0.58
0.14
0.22
0.38
0.00
0.42
0.08
0.66
0.86
0.06
0.81
0.66
0.69
0.80
0.53
0.69
0.14
0.69
0.73
0.78
0.03
0.87
0.64
0.71
0.09
0.55
0.95
0.06
0.27
0.15
0.98
0.62
0.29
0.92
0.37
0.69
0.22
0.16
0.24
0.52
0.90
0.11
0.90
0.44
0.08
0.78
0.17
0.97
0.78
0.87
0.21
0.46
0.00
0.75
0.11
0.40
0.31
0.99
0.04
0.25
0.19
0.25
0.15
0.62
0.89
0.94
0.20
0.78
0.65
0.66
0.91
0.46
0.92
0.66
0.15
0.64
0.57
0.42
0.94
0.54
0.58
0.54
0.26
0.40
0.35
0.04
0.80
0.20
0.07
0.39
0.59
0.07
0.20
0.16
0.64
0.45
0.60
0.70
0.44
0.68
0.40
0.84
0.59
0.20
0.95
0.88
0.39
0.99
0.19
0.90
0.57
0.44
0.63
0.71
0.05
0.29
0.26
0.41
0.90
0.71
0.73
0.90
0.39
0.40
0.90
0.31
0.39
0.57
0.35
0.73
0.75
0.74
0.74
0.14
0.20
0.27
0.68
0.91
0.37
0.52
0.11
0.91
0.20
0.52
0.65
0.44
0.69
0.09
0.08
0.08
0.03
0.36
0.31
0.70
0.14
0.39
0.07
0.68
0.72
0.20
0.69
0.62
0.65
0.54
0.10
0.55
0.05
0.97
0.46
0.97
0.73
0.53
0.68
0.69
0.37
0.39
0.05
0.81
0.17
0.06
0.31
0.78
0.21
0.32
0.48
0.01
0.44
0.51
0.61
0.76
0.40
0.35
0.84
0.94
0.62
1.00
0.05
0.56
0.86
0.39
0.31
0.28
0.03
0.61
0.39
0.02
0.03
0.46
0.86
0.94
0.40
0.73
0.61
0.81
0.88
0.58
0.60
0.08
0.79
0.46
0.59
0.59
0.57
0.82
0.67
0.34
0.01
0.27
0.34
0.23
0.77
0.37
0.87
0.12
0.73
0.63
0.89
0.18
0.54
0.90
0.78
0.97
0.20
0.90
0.80
0.95
0.85
0.89
0.63
0.19
0.62
0.26
0.25
0.73
0.79
0.17
0.71
0.48
0.08
0.81
0.86
0.12
0.31
0.57
0.47
0.76
0.19
0.73
0.99
0.02
0.65
0.69
0.17
0.07
0.27
0.68
0.84
0.56
0.37
0.78
0.23
0.64
0.23
0.20
0.97
0.28
0.02
0.77
0.15
0.05
0.01
0.35
0.64
0.34
0.41
0.42
0.09
0.55
0.70
0.34
0.66
0.88
0.54
0.57
0.05
0.47
0.26
0.43
0.86
0.49
0.09
0.57
0.71
0.78
0.86
0.85
0.29
0.86
0.64
0.75
0.83
0.77
0.87
0.91
0.91
0.52
0.44
0.11
0.35
0.82
0.43
0.17
0.00
0.66
0.77
0.06
0.09
0.39
0.68
0.81
0.15
0.14
0.05
0.35
0.02
0.98
0.65
0.05
0.91
0.64
0.43
0.02
0.24
0.39
0.65
0.78
0.02
0.83
0.14
0.63
0.55
0.98
0.46
0.21
0.30
0.78
0.34
0.48
0.61
0.10
0.98
0.76
0.15
0.46
0.71
1.00
0.78
0.64
0.62
0.95
0.69
0.29
0.57
0.29
0.55
0.71
0.25
0.55
0.49
0.95
0.67
0.77
0.62
0.45
0.80
0.75
0.99
0.20
0.63
0.91
0.59
0.92
0.51
0.49
0.45
0.89
0.94
0.18
0.25
0.20
0.73
0.94
0.63
0.04
0.64
0.03
0.56
0.54
0.45
0.06
1.00
0.13
0.60
0.05
0.17
0.66
0.33
0.32
0.65
0.41
0.43
0.22
0.68
0.17
0.50
0.51
0.80
0.44
0.00
0.34
0.38
0.13
0.83
0.73
0.89
0.64
0.65
0.51
0.73
0.74
0.96
0.47
0.36
0.11
0.90
0.82
0.45
0.11
0.87
0.76
0.04
0.42
0.94
0.07
0.16
0.21
0.12
0.59
0.12
0.62
0.58
0.69
0.73
0.92
0.67
0.30
0.81
0.38
1.00
0.77
0.20
0.17
0.39
0.18
0.58
0.20
0.96
0.19
0.38
0.30
0.12
0.20
0.05
0.77
0.76
0.88
0.00
0.45
0.43
0.80
0.46
0.49
0.75
0.24
0.56
0.09
0.92
0.89
0.86
0.06
0.49
0.63
0.75
0.76
0.26
0.91
0.79
0.20
0.55
0.05
0.52
0.79
0.70
0.02
0.73
0.55
0.91
0.88
0.80
0.31
0.39
0.48
0.05
0.65
0.00
0.77
0.76
0.22
0.15
0.06
0.67
0.03
0.35
0.70
0.80
0.44
0.98
0.64
0.30
0.48
0.87
0.08
0.10
0.14
0.14
0.92
0.31
0.37
